
34.3900544001588 27.92 1
84.6246535383628 26.54 1
62.4950031504634 24.97 1
57.103460531105 30.99 1
53.7086667392014 29.67 1
48.0864768588627 -21 1
41.6547907784512 23.42 1
40.280482707647 -29.43 1
36.0718261485702 30.1 1
34.2265241543422 21.23 1
32.0385898310958 19.5 1
30.7833115235801 25.4 1
30.5413934609707 16.66 1
29.7904017745425 -21.59 1
29.7319812713719 14.1 1
29.5269507888497 19 1
28.0967191702723 18.8 1
70.9648458008325 -20.65 1
57.103460531105 12.25 1
56.7603100181188 13.54 1
53.7086667392014 18.21 1
48.0864768588627 17.98 1
45.5867490801275 13.67 1
41.6547907784512 12.54 1
41.1719919569956 19.33 1
40.280482707647 11.45 1
40.0911167583977 16.67 1
38.8808455786225 14.46 1
36.0718261485702 15.23 1
35.2052894687352 15 1
34.3908969487043 16.98 1
34.2265241543422 21.25 1
33.530866390782 23.56 1
32.0385898310958 14.44 1
31.9929987560071 19.6 1
31.562911653851 19.85 1
31.5611278372057 10.24 1
31.5061555895472 10.55 1
31.3813538921552 16.54 1
31.1952357514822 19.65 1
30.7833115235801 16.5 1
84.6246535383628 29.76 1
70.9648458008325 25.98 1
65.9785802587529 24.67 1
62.4950031504634 19.65 1
57.103460531105 18.88 1
56.7603100181188 19.45 1
53.7086667392014 17.65 1
48.0864768588627 19.89 1
45.5867490801275 18.54 1
41.6547907784512 16.73 1
41.1719919569956 17.65 1
40.280482707647 18.21 1
40.0911167583977 19.64 1
38.8808455786225 20.25 1
36.0718261485702 18.96 1
35.2052894687352 17.55 1
34.3908969487043 19.06 1
34.2265241543422 16.66 1
33.530866390782 17.84 1
32.0385898310958 16.43 1
31.9929987560071 21.25 1
31.562911653851 19.32 1
31.5611278372057 19.65 1
31.5061555895472 19.54 1
31.3813538921552 18.65 1
30.7833115235801 19.04 1
30.545789809015 18.64 1
30.5413934609707 16.61 1
30.1479080838027 18.63 1
30.1379763920411 18.15 1
-1.791605051376399 0.15 0
-0.215585800588665 2.43 0
-0.513353745576568 1.01 0
0.8121784005648 0.03 0
1.0241962094406229 0.43 0
-0.086234183616229 4.86 0
-0.058766289816603 2.39 0
2.157858628741318 0.03 0
0.0598691145933739 0.86 0
-0.266397264724535 2.15 0
-0.0711162225474276 3.54 0
3.0784328962650402 6.89 0
-0.0235236024871686 -0.32 0
-2.0132161501396766 0.34 0
4.0728820348647723 0.56 0
-0.0721085087123914 3.43 0
-0.095314022682679 0.54 0
-0.163293526033257 2.75 0
0.0639013953800163 3.54 0
-0.120875009092266 -2.56 0
-0.129881954352467 0.54 0
-0.215405556143319 0.83 0
-0.0957771456107626 0.91 0
-0.00521589649640752 0.05 0
-0.0529879549987591 0.74 0
-0.0645494629820007 0.81 0
-0.0666506928540418 0.94 0
-0.322000838928556 0.92 0
-0.0703566571026339 0.92 0
-0.10515368692908 0.11 0
-0.119801978884107 1.43 0
-0.0749005113111227 0.84 0
2.00302529413948704 2.56 0
0.238925702286645 4.16 0
3.0122272336886038 5.64 0
-0.116254052360659 1.43 0
-0.0146583896380079 0.43 0
3.160395073425462 0.54 0
-0.379278814403765 0.84 0
-0.101648669882611 0.21 0
3.0381480813152155 0.85 0
4.148888059077281 0.65 0
2.064191861522664 0.01 0
5.0517413480981865 0.54 0
-0.0817418361649445 0.89 0
-0.174507784805977 2.32 0
-0.176270204303183 1.01 0
-0.0418480988586438 1.43 0
-0.067140363259302 0.43 0
-0.0693041955117728 0.32 0
0.0215404241708814 0.21 0
-0.0437671257006205 0.12 0
-2.158509422127057 0.54 0
-0.199073399028297 0.59 0
0.0148106204973022 0.15 0
0.271194778965233 0.43 0
-2.193460694955837 0.12 0
-0.103766155910414 0.21 0
-0.0223291202742999 0.13 0
-1.320994521870521 0.02 0
-0.243928679752457 0.05 0
-0.200846628929103 0.93 0
-0.337044994491713 0.32 0
0.099912901558989 0.21 0
-0.199404783021134 0.22 0
-1.244271453745338 0.12 0
1.0546387745810275 0.15 0
-1.368704016058674 0.04 0
-2.488223407974107 0.09 0
-3.0644640039693112 0.64 0
-1.0465586422236459 0.12 0
1.329869586835178 0.43 0
